7200
12000
16500
21000
24000
28500
33000
37100
39200
43700
46700
51200
54200
58500
61200
65000
68500
69800
77000
79400
83000
84200
85900
87500
90700
93100
95200
97800
100400
101200
102600
103900
105300
107100
111600
114600
119100
123600
127400
131100
134900
138600
142400
146100
149900
152400
154900
157400
166300
175200
177700
180200
182700
185200
187700
190200
192700
195200
197700
200200
200900
201500
204100
205400
206800
207700
208600
209500
209700
212600
215500
217900
220300
223400
227000
229400
231500
232400
235500
238000
238600
240100
245000
248500
251600
254500
258100
261100
263700
265800
266800
267100
269100
269800
270400
271800
272900
273500
274000
274200
275600
276400
276700
277500
278100
278800
279500
280200
281600
282400
283300
284000
284500
287100
287400
287600
288300
289000
289700
290400
291200
291900
292600
293400
294200
295100
296000
300600
302000
303400
304900
305300
308000
310700
313500
315200
316700
320000
323600
326800
329300
331800
334300
336800
339300
341800
344300
346100
348300
350400
350800
351900
353100
354300
355500
356600
357800
358700
359600
360500
361400
362300
363200
364100
365000
365900
367700
369500
372000
374500
377000
381400
393600
395800
398100
400300
402500
404700
407000
409200
412500
415800
420300
424800
429300
433800
438300
442800
447300
451800
456300
460800
463800
468300
469800
471400
473100
476300
477600
478900
483400
487900
492400
496900
501400
505900
