0, 7200;
1, 12000;
2, 16500;
3, 21000;
4, 24000;
5, 28500;
6, 33000;
7, 37100;
8, 39200;
9, 43700;
10, 46700;
11, 51200;
12, 54200;
13, 58500;
14, 61200;
15, 65000;
16, 68500;
17, 69800;
18, 77000;
19, 79400;
20, 83000;
21, 84200;
22, 85900;
23, 87500;
24, 90700;
25, 93100;
26, 95200;
27, 97800;
28, 100400;
29, 101200;
30, 102600;
31, 103900;
32, 105300;
33, 107100;
34, 111600;
35, 114600;
36, 119100;
37, 123600;
38, 127400;
39, 131100;
40, 134900;
41, 138600;
42, 142400;
43, 146100;
44, 149900;
45, 152400;
46, 154900;
47, 157400;
48, 166300;
49, 175200;
50, 177700;
51, 180200;
52, 182700;
53, 185200;
54, 187700;
55, 190200;
56, 192700;
57, 195200;
58, 197700;
59, 200200;
60, 200900;
61, 201500;
62, 204100;
63, 205400;
64, 206800;
65, 207700;
66, 208600;
67, 209500;
68, 209700;
69, 212600;
70, 215500;
71, 217900;
72, 220300;
73, 223400;
74, 227000;
75, 229400;
76, 231500;
77, 232400;
78, 235500;
79, 238000;
80, 238600;
81, 240100;
82, 245000;
83, 248500;
84, 251600;
85, 254500;
86, 258100;
87, 261100;
88, 263700;
89, 265800;
90, 266800;
91, 267100;
92, 269100;
93, 269800;
94, 270400;
95, 271800;
96, 272900;
97, 273500;
98, 274000;
99, 274200;
100, 275600;
101, 276400;
102, 276700;
103, 277500;
104, 278100;
105, 278800;
106, 279500;
107, 280200;
108, 281600;
109, 282400;
110, 283300;
111, 284000;
112, 284500;
113, 287100;
114, 287400;
115, 287600;
116, 288300;
117, 289000;
118, 289700;
119, 290400;
120, 291200;
121, 291900;
122, 292600;
123, 293400;
124, 294200;
125, 295100;
126, 296000;
127, 300600;
128, 302000;
129, 303400;
130, 304900;
131, 305300;
132, 308000;
133, 310700;
134, 313500;
135, 315200;
136, 316700;
137, 320000;
138, 323600;
139, 326800;
140, 329300;
141, 331800;
142, 334300;
143, 336800;
144, 339300;
145, 341800;
146, 344300;
147, 346100;
148, 348300;
149, 350400;
150, 350800;
151, 351900;
152, 353100;
153, 354300;
154, 355500;
155, 356600;
156, 357800;
157, 358700;
158, 359600;
159, 360500;
160, 361400;
161, 362300;
162, 363200;
163, 364100;
164, 365000;
165, 365900;
166, 367700;
167, 369500;
168, 372000;
169, 374500;
170, 377000;
171, 381400;
172, 393600;
173, 395800;
174, 398100;
175, 400300;
176, 402500;
177, 404700;
178, 407000;
179, 409200;
180, 412500;
181, 415800;
182, 420300;
183, 424800;
184, 429300;
185, 433800;
186, 438300;
187, 442800;
188, 447300;
189, 451800;
190, 456300;
191, 460800;
192, 463800;
193, 468300;
194, 469800;
195, 471400;
196, 473100;
197, 476300;
198, 477600;
199, 478900;
200, 483400;
201, 487900;
202, 492400;
203, 496900;
204, 501400;
205, 505900;
