0, 0;
1, 0;
2, 3700;
3, 7500;
4, 11200;
5, 15000;
6, 18700;
7, 22500;
8, 26200;
9, 30000;
10, 33700;
11, 37500;
12, 41200;
13, 45000;
14, 48700;
15, 52500;
16, 56200;
17, 60000;
18, 63700;
19, 67500;
20, 71200;
21, 75000;
22, 78700;
23, 82500;
24, 86200;
25, 90000;
26, 93700;
27, 97500;
28, 101200;
29, 105000;
30, 108700;
31, 112500;
32, 116200;
33, 120000;
34, 123700;
35, 127500;
36, 131200;
37, 135000;
38, 140000;
39, 145000;
40, 150000;
41, 156000;
42, 158800;
43, 161700;
44, 164500;
45, 167400;
46, 170200;
47, 173100;
48, 175900;
49, 178800;
50, 181700;
51, 184500;
